-4.560860225074292451e+00 5.531464485661667929e+00 -2.105695466628890244e+01 -1.550569567551192840e+01
-3.800716854228576747e+00 5.124577436020893551e+00 -1.365051066809480851e+01 -8.577618884325747928e+00
-3.040573483382861486e+00 5.344516381772836944e+00 -8.693086830844237056e+00 -3.409053659155104832e+00
-2.280430112537146226e+00 3.365065870005356619e+00 -3.298650864374027325e+00 5.981683725582676026e-02
-1.900358427114288373e+00 2.551291770722210028e+00 -1.636887049642373304e+00 9.693894575194224039e-01
-1.520286741691430743e+00 3.925910181671849131e+00 -8.634278531125127998e-01 3.040488433984461558e+00
-1.140215056268573113e+00 1.935462722617732334e+00 5.641597858244615793e-01 2.379755783007769132e+00
-7.601433708457153715e-01 2.188392510232785693e+00 9.401355273851823569e-01 3.070244216992231046e+00
-3.800716854228576858e-01 2.122410826506562653e+00 -2.382733728194206257e-01 1.810457906860433175e+00
0.000000000000000000e+00 0.000000000000000000e+00 0.000000000000000000e+00 0.000000000000000000e+00
3.800716854228576858e-01 6.048321008178411118e-01 -3.394757627680716094e+00 -2.859206294775249457e+00
7.601433708457153715e-01 1.770508513303775233e+00 -8.549026821376969565e+00 -6.818107318310209664e+00
1.140215056268573113e+00 2.056429142780340058e+00 -9.520057266873589441e+00 -7.477924155566037179e+00
1.520286741691430743e+00 2.628270401736670259e+00 -1.232537851994063693e+01 -9.677313613085457789e+00
1.900358427114288373e+00 1.990447459055717738e+00 -1.113001034977934189e+01 -9.127466248705601970e+00
2.280430112537146226e+00 3.299084186279133579e+00 -1.442579545186912426e+01 -1.110691676047308363e+01
3.040573483382861486e+00 4.376785020463970888e+00 -1.497784220570854608e+01 -1.066703886896919862e+01
3.800716854228576747e+00 5.696418694975624142e+00 -1.725311059951264880e+01 -1.165676412485293945e+01
4.560860225074292451e+00 7.071037105925262800e+00 -1.737847579858638625e+01 -1.033713045034128619e+01
