1.8025	-0.2776024
1.8225	-0.158474386
1.8425	-0.098232535
1.8625	-0.259937926
1.8825	-0.336443162
1.9025	-0.255858221
1.9225	-0.2978536
1.9425	-0.208727787
1.9625	-0.344614714
1.9825	-0.245295682
2.0025	-0.128493711
2.0225	-0.129205206
2.0425	-0.139152489
2.0625	-0.158121107
2.0825	-0.133893774
2.1025	-0.053745267
2.1225	-0.081709301
2.1425	-0.054993266
2.1625	-0.048190482
2.1825	-0.034690583
2.2025	-0.042374046
2.2225	-0.035387195
2.2425	-0.015629927
2.2625	-0.025930568
2.2825	-0.000738966
2.3025	0.003863254
2.3225	0.030219097
2.3425	0.019604163
2.3625	0.019911756
2.3825	0.02926352
2.4025	-0.038187431
2.4225	-0.015562023
2.4425	0.001241671
2.4625	0.045715188
2.4825	0.0038487
2.5025	-0.004344767
2.5225	-0.025914204
2.5425	0.005533876
2.5625	-0.028943786
2.5825	-0.013381158
2.6025	0.026775513
2.6225	-0.01167411
2.6425	0.02363136
2.6625	0.041099665
2.6825	-0.034688844
2.7025	0.014075112
2.7225	-0.000598901
2.7425	0.041840655
2.7625	-0.035404964
2.7825	0.007259767
2.8025	0.016200597
2.8225	0.027408135
2.8425	-0.034301313
2.8625	-0.027069622
2.8825	0.006315095
2.9025	0.052805239
2.9225	-0.006754652
2.9425	-0.008285262
2.9625	0.012232885
2.9825	0.003352671
3.0025	0.030426241
3.0225	-0.004556195
3.0425	-0.03105776
3.0625	-0.021038707
3.0825	-0.000770052
3.1025	-0.029190743
3.1225	-0.006437449
3.1425	0.034304619
3.1625	0.007939844
3.1825	0.011506891
3.2025	-0.002280388
3.2225	0.014320411
3.2425	0.008056422
3.2625	0.028246576
3.2825	-0.030460383
3.3025	-0.035539816
3.3225	-0.027074304
3.3425	0.024170703
3.3625	0.010333196
3.3825	0.03542098
3.4025	-0.033787637
3.4225	0.035574074
3.4425	0.036090503
3.4625	-0.029556911
3.4825	-0.001983002
3.5025	-0.019762197
3.5225	0.007854667
3.5425	-0.011408273
3.5625	-0.038587633
3.5825	-0.021758849
3.6025	0.037407354
3.6225	-0.005432288
3.6425	0.016841858
3.6625	0.047875414
3.6825	-0.022597932
3.7025	-0.029327324
3.7225	-0.001627608
3.7425	-0.025841382
3.7625	0.05118197
3.7825	-0.027864092
3.8025	0.012508164
3.8225	-0.018372852
3.8425	-0.014265799
3.8625	0.013951658
3.8825	-0.032806824
3.9025	0.011059942
3.9225	0.005749194
3.9425	0.014630427
3.9625	0.022106397
3.9825	-0.038094828
4.0025	0.038739171
4.0225	-0.018340173
4.0425	0.00018284
4.0625	-0.023542513
4.0825	-0.025373897
4.1025	-0.012589997
4.1225	-0.006027124
4.1425	-0.003646543
4.1625	-0.004735335
4.1825	0.01980354
4.2025	0.044992684
4.2225	0.010719134
4.2425	-0.009559757
4.2625	0.001705508
4.2825	0.026876792
4.3025	0.029891451
4.3225	-0.035210737
4.3425	0.054901048
4.3625	-0.026941604
4.3825	-0.012555144
4.4025	-0.040458787
4.4225	0.008492271
4.4425	0.006471256
4.4625	-0.04015265
4.4825	-0.022831635
4.5025	0.040426535
4.5225	0.076938876
4.5425	-0.022119226
4.5625	-0.007741082
4.5825	0.006224895
4.6025	0.021754465
4.6225	-0.014557912
4.6425	0.001053787
4.6625	0.037448975
4.6825	-0.037888914
4.7025	-0.06553222
4.7225	0.021234938
4.7425	0.013426123
4.7625	-0.01315562
4.7825	0.005281681
4.8025	0.00803007
4.8225	0.030123026
4.8425	0.053550518
4.8625	0.025231736
4.8825	-0.006802625
4.9025	-0.005511808
4.9225	-0.031574567
4.9425	-0.036231846
4.9625	-0.029136646
4.9825	-0.026770258
5.0025	0.029502852
5.0225	-0.001290428
5.0425	-0.012164911
5.0625	-0.017169409
5.0825	0.006553628
5.1025	0.035157066
5.1225	0.057355621
5.1425	0.02752709
5.1625	0.000932237
5.1825	-0.025799499
5.2025	-0.012973079
5.2225	-0.001725212
5.2425	-0.054344394
5.2625	0.016475977
5.2825	-0.003825493
5.3025	-0.011929731
5.3225	0.009268095
5.3425	0.005729599
5.3625	0.052752855
5.3825	-0.02339478
5.4025	-0.032089623
5.4225	-0.036345968
5.4425	-0.015746937
5.4625	0.003460013
5.4825	0.022556562
5.5025	0.04388293
5.5225	0.003955787
5.5425	-0.045853585
5.5625	0.027804537
5.5825	-0.018762706
5.6025	0.029677265
5.6225	-0.014348864
5.6425	0.017688677
5.6625	-0.018660955
5.6825	0.004795833
5.7025	-0.021271325
5.7225	0.016964077
5.7425	0.014458556
5.7625	0.004112246
5.7825	0.002616118
5.8025	0.008858489
5.8225	-0.035656169
5.8425	-0.016201831
5.8625	0.004543264
5.8825	0.014383577
5.9025	-0.031586548
5.9225	0.012224075
5.9425	0.014245253
5.9625	0.015792668
5.9825	0.024702576
6.0025	-0.039286442
6.0225	-0.006207597
6.0425	0.008081703
6.0625	0.04645616
6.0825	-0.027611286
6.1025	-0.033278595
6.1225	-0.023078322
6.1425	-0.008130094
6.1625	0.013550961
6.1825	0.031865665
6.2025	-0.014169139
6.2225	-0.012725075
6.2425	-0.016625762
6.2625	0.008806696
6.2825	0.002129954
6.3025	0.005593062
6.3225	0.02893889
6.3425	0.012159786
6.3625	-0.01508179
6.3825	-0.024210166
6.4025	-0.010591719
6.4225	-0.003586064
6.4425	0.005788589
6.4625	-0.020743144
6.4825	0.02739812
6.5025	-0.033150872
6.5225	0.037666014
6.5425	-0.009469089
6.5625	0.001556728
6.5825	0.003017072
6.6025	0.031224634
6.6225	-0.021531629
6.6425	0.002688601
6.6625	-0.041708539
6.6825	0.018588212
6.7025	0.005938502
6.7225	0.005369086
6.7425	0.018072969
6.7625	-0.021270082
6.7825	0.017864336
6.8025	0.006253193
6.8225	-0.000522315
6.8425	-0.005826115
6.8625	0.014310375
6.8825	0.00165392
6.9025	-0.059001728
6.9225	-0.022828709
6.9425	-0.026284265
6.9625	0.063420558
6.9825	0.028040049
7.0025	-0.032031293
7.0225	0.010215692
7.0425	-0.014202589
7.0625	0.010967118
7.0825	-0.00697158
7.1025	-0.023463803
7.1225	-0.015575355
7.1425	0.01445006
7.1625	0.038424124
7.1825	0.021097724
7.2025	0.018039183
7.2225	-0.014923185
7.2425	0.009944733
7.2625	-0.004386165
7.2825	0.013801582
7.3025	0.029160291
7.3225	0.016356545
7.3425	-0.036602274
7.3625	-0.000131133
7.3825	0.001199442
7.4025	0.003073324
7.4225	-0.011613878
7.4425	-0.022015206
7.4625	-0.015751685
7.4825	0.019557255
7.5025	0.002596808
7.5225	0.007162484
7.5425	-0.036738429
7.5625	0.019794238
7.5825	0.056727496
7.6025	0.006733844
7.6225	-0.030012245
7.6425	-0.004891137
7.6625	-0.039698839
7.6825	0.002093942
7.7025	0.011067131
7.7225	0.019672162
7.7425	0.024129155
7.7625	-0.017444525
7.7825	0.025022127
7.8025	-0.04606944
7.8225	0.023084657
7.8425	0.013189114
7.8625	-0.003592135
7.8825	-0.018977763
7.9025	0.023610098
7.9225	-0.010884179
7.9425	0.026632041
7.9625	-0.004695253
7.9825	-0.019521007
8.0025	0.045172389
8.0225	-0.011519613
8.0425	-0.035020647
8.0625	0.002475038
8.0825	-0.007456911
8.1025	-0.004240591
8.1225	-0.026732909
8.1425	-0.017382116
8.1625	0.044322992
8.1825	-0.014481497
8.2025	0.06326125
8.2225	0.052766681
8.2425	-0.028720017
8.2625	-0.007682648
8.2825	-0.011533385
8.3025	-0.020177325
8.3225	-0.032530073
8.3425	0.00545294
8.3625	-0.004214462
8.3825	0.001206369
8.4025	0.018818679
8.4225	0.016017673
8.4425	-0.023769988
8.4625	0.028956845
8.4825	0.008133816
8.5025	0.034506453
8.5225	0.01626622
8.5425	-0.012949598
8.5625	-0.051506022
8.5825	-0.007612363
8.6025	-0.020707556
8.6225	0.016667607
8.6425	0.019094738
8.6625	0.026925191
8.6825	-0.028403147
8.7025	-0.011170132
8.7225	-0.014579405
8.7425	0.038502804
8.7625	0.031935123
8.7825	-0.000457168
8.8025	0.014835788
8.8225	-0.02358126
8.8425	-0.01704617
8.8625	0.015505607
8.8825	-0.037402893
8.9025	0.013247481
8.9225	0.012759828
8.9425	0.002566811
8.9625	0.003693111
8.9825	-0.010536464
9.0025	0.012548821
9.0225	0.040613471
9.0425	-0.008968682
9.0625	0.007068675
9.0825	-0.012892437
9.1025	-0.008443088
9.1225	-0.013792088
9.1425	0.032387134
9.1625	-0.022094457
9.1825	0.019901415
9.2025	0.027787053
9.2225	0.009435042
9.2425	-0.006368624
9.2625	-0.017963701
9.2825	0.009812914
9.3025	-0.012533099
9.3225	-0.004905641
9.3425	0.045787273
9.3625	-0.013425668
9.3825	0.010176032
9.4025	-0.025864516
9.4225	-0.042629651
9.4425	-0.029637329
9.4625	0.013289825
9.4825	-0.007231105
9.5025	-0.034562
9.5225	0.000793999
9.5425	0.006058452
9.5625	-0.014153553
9.5825	0.045311692
9.6025	-0.00370452
9.6225	0.009956119
9.6425	0.01043216
9.6625	-0.030758776
9.6825	0.036916671
9.7025	0.020314245
9.7225	0.027562275
9.7425	-0.04151735
9.7625	-0.012924959
9.7825	0.016055483
9.8025	0.002545528
9.8225	0.021638149
9.8425	0.018407672
9.8625	0.003343831
9.8825	-0.028825567
9.9025	-0.031814203
9.9225	-0.009681021
9.9425	0.02204792
9.9625	-0.032816546
9.9825	0.010612532
10.0025	0.013038093
10.0225	0.039321636
10.0425	0.010010649
10.0625	-0.003317971
10.0825	-0.029959908
10.1025	-0.036545478
10.1225	0.015849297
10.1425	0.01865497
10.1625	0.030148454
10.1825	-0.022471418
10.2025	-0.002887447
10.2225	0.024304871
10.2425	-0.033322164
10.2625	0.007136451
10.2825	0.034819571
10.3025	-0.011537727
10.3225	-0.000958106
10.3425	-0.032291878
10.3625	-0.02947159
10.3825	0.011779515
10.4025	0.004677932
10.4225	0.020694036
10.4425	0.017534111
10.4625	-0.026930387
10.4825	0.023885316
10.5025	0.032004958
10.5225	0.023631893
10.5425	-0.024836126
10.5625	-0.013055184
10.5825	-0.040818408
10.6025	-0.029994589
10.6225	-0.021579775
10.6425	0.013022746
10.6625	-0.009414993
10.6825	0.01522962
10.7025	0.013312372
10.7225	0.01648249
10.7425	0.001649517
10.7625	0.025436186
10.7825	0.012059307
10.8025	0.037188287
10.8225	-0.036479067
10.8425	-0.051133472
10.8625	-0.034551852
10.8825	-0.034718519
10.9025	-0.02176007
10.9225	0.0007887
10.9425	0.016595272
10.9625	0.021010033
10.9825	-0.005150096
11.0025	-0.00654436
11.0225	0.021867753
11.0425	0.022592675
11.0625	0.017316699
11.0825	0.006829522
11.1025	-0.011182521
11.1225	0.006291475
11.1425	-0.023798874
11.1625	0.010002664
11.1825	0.002489508
11.2025	0.019565393
11.2225	0.007376795
11.2425	-0.015243536
11.2625	-0.024606881
11.2825	-0.01492252
11.3025	0.010221587
11.3225	-0.022781969
11.3425	-0.001150361
11.3625	0.020025452
11.3825	-0.00237527
11.4025	-0.000623162
11.4225	-0.033178502
11.4425	-0.000358239
11.4625	0.005864217
11.4825	-0.034948353
11.5025	0.009737962
11.5225	-0.000828648
11.5425	0.062861938
11.5625	0.005630262
11.5825	-0.003511198
11.6025	-0.001033816
11.6225	-0.018229712
11.6425	-0.007983306
11.6625	-0.019877478
11.6825	-0.005219595
11.7025	0.01017963
11.7225	-0.012298442
11.7425	-0.009801132
11.7625	0.001084918
11.7825	0.007398258
11.8025	0.017986496
11.8225	0.043678469
11.8425	0.008187914
11.8625	-5.95E-05
11.8825	0.01173115
11.9025	0.004163953
11.9225	-0.015398275
11.9425	-0.017554183
11.9625	0.005553409
11.9825	-0.017292578
12.0025	0.019640068
12.0225	-0.026006849
12.0425	-0.005889071
12.0625	0.009182248
12.0825	0.02399805
12.1025	-0.010937256
12.1225	0.015752539
12.1425	0.029423723
12.1625	-0.01775085
12.1825	-0.011144594
12.2025	-0.000684747
12.2225	0.028056868
12.2425	-0.043770865
12.2625	0.00613478
12.2825	0.00988872
12.3025	0.024005623
12.3225	0.035949004
12.3425	0.029671707
12.3625	-0.032267193
12.3825	0.004565371
12.4025	-0.015809609
12.4225	-0.011916109
12.4425	0.01245757
12.4625	-0.004694049
12.4825	0.010152268
12.5025	-0.023190486
12.5225	0.04202136
12.5425	0.036281361
12.5625	-0.045622671
12.5825	0.00768402
12.6025	-0.023275574
12.6225	-0.015849031
12.6425	0.004832147
12.6625	0.013761498
12.6825	-0.031634688
12.7025	0.005949263
12.7225	0.022343273
12.7425	-0.01462962
12.7625	0.023862415
12.7825	0.026959976
12.8025	-0.003193806
12.8225	-0.016265992
12.8425	0.007669714
12.8625	-0.011764319
12.8825	0.025440079
12.9025	-0.073579002
12.9225	-0.006629142
12.9425	0.026504694
12.9625	-0.004239637
12.9825	0.020950362
13.0025	-0.033072111
13.0225	0.00656561
13.0425	0.029436563
13.0625	-0.001986124
13.0825	-0.003730378
13.1025	-0.003843604
13.1225	-0.02444733
13.1425	0.039858737
13.1625	0.025565084
13.1825	-0.00907806
13.2025	0.000614899
13.2225	0.020618745
13.2425	0.019672606
13.2625	-0.031253248
13.2825	0.008094708
13.3025	-0.051069419
13.3225	0.028354424
13.3425	-0.047476344
13.3625	0.005527506
13.3825	0.034119474
13.4025	0.042712742
13.4225	-0.019065181
13.4425	0.019369053
13.4625	0.008667411
13.4825	0.005766714
13.5025	-0.015638787
13.5225	0.014079544
13.5425	0.020807673
13.5625	-0.045425366
13.5825	-0.027844244
13.6025	0.026179019
13.6225	0.005499123
13.6425	0.001803444
13.6625	0.011505867
13.6825	-0.009840004
13.7025	-0.014066753
13.7225	-0.045796896
13.7425	0.011709647
13.7625	0.002201818
13.7825	0.027283554
13.8025	0.010173457
13.8225	0.024582667
13.8425	-0.024177288
13.8625	-0.022669608
13.8825	-0.007912254
13.9025	0.023979786
13.9225	-0.015846186
13.9425	0.010656553
13.9625	-0.023644378
13.9825	-0.019584526
14.0025	-0.013944247
14.0225	0.005238463
14.0425	0.020459139
14.0625	0.017558449
14.0825	-0.011915769
14.1025	-0.023567331
14.1225	0.020666561
14.1425	-0.000325284
14.1625	-0.000650692
14.1825	0.014133825
14.2025	-0.00549095
14.2225	-0.008872538
14.2425	-0.004437883
14.2625	-0.014088746
14.2825	0.005949842
14.3025	0.007872447
14.3225	-0.002584984
14.3425	-0.030152084
14.3625	0.037151545
14.3825	-0.019767171
14.4025	0.059519123
14.4225	-0.041151773
14.4425	0.011409691
14.4625	-0.009058889
14.4825	0.004550005
14.5025	0.016248148
14.5225	0.013517898
14.5425	0.010112028
14.5625	-0.002889905
14.5825	0.004799561
14.6025	-0.006364683
14.6225	-0.032867837
14.6425	0.01108733
14.6625	0.019129794
14.6825	0.028103645
14.7025	0.011512266
14.7225	-0.017400473
14.7425	-0.026106246
14.7625	-0.018158938
14.7825	-0.009306558
14.8025	-0.031382808
14.8225	0.017211418
14.8425	0.025214002
14.8625	-0.006465941
14.8825	0.004404533
14.9025	0.000598255
14.9225	-0.015402755
14.9425	0.02679744
14.9625	-0.033349555
14.9825	-0.037856672
15.0025	0.067837909
15.0225	0.012761163
15.0425	0.0037477
15.0625	0.003380719
15.0825	-0.101802681
15.1025	0.008431488
15.1225	-0.004137389
15.1425	0.028209045
15.1625	-0.023569297
15.1825	0.055282484
15.2025	0.007761744
15.2225	0.014194146
15.2425	0.015296328
15.2625	0.002071712
15.2825	-0.023136424
15.3025	-0.023875386
15.3225	-0.035732776
15.3425	-0.008843191
15.3625	0.0216711
15.3825	0.039419049
15.4025	0.021576926
15.4225	0.002949975
15.4425	0.03812396
15.4625	0.014702338
15.4825	-0.027968066
15.5025	-0.024011296
15.5225	-0.006758967
15.5425	-0.045468078
15.5625	0.001732009
15.5825	0.024904182
15.6025	0.036323817
15.6225	0.020604259
15.6425	0.008530633
15.6625	-0.059472165
15.6825	0.016086628
15.7025	-0.010838475
15.7225	-0.014965933
15.7425	0.018190793
15.7625	0.029523996
15.7825	0.006125152
15.8025	0.007677988
15.8225	-0.026555211
15.8425	-0.001165139
15.8625	-0.018924839
15.8825	-0.009277576
15.9025	0.029297516
15.9225	-0.054137401
15.9425	0.005270277
15.9625	-0.027638464
15.9825	0.027406656
16.0025	-0.007703183
16.0225	0.04131925
16.0425	0.002046427
16.0625	-0.002771144
16.0825	-0.02745617
16.1025	-0.029461039
16.1225	0.010042666
16.1425	0.015663945
16.1625	0.012447948
16.1825	0.004103064
16.2025	-0.023260643
16.2225	0.026155998
16.2425	-0.02656061
16.2625	0.038574838
16.2825	0.018276207
16.3025	0.012951988
16.3225	-0.01333917
16.3425	-0.034709212
16.3625	-0.027502194
16.3825	0.017771054
16.4025	0.036043263
16.4225	-0.04647882
16.4425	-0.013538036
16.4625	0.0327628
16.4825	-0.003997229
16.5025	0.009447854
16.5225	0.010640376
16.5425	0.020947877
16.5625	-0.040427599
16.5825	0.037387927
16.6025	-0.005140074
16.6225	0.014240527
16.6425	-0.039311358
16.6625	-0.043711877
16.6825	0.018709132
16.7025	0.045630171
16.7225	0.017160982
16.7425	-0.012333266
16.7625	0.002408597
16.7825	0.036120244
16.8025	-0.006252229
16.8225	0.006125561
16.8425	-0.001263319
16.8625	-0.002663046
16.8825	0.003681457
16.9025	-0.026389085
16.9225	-0.017656381
16.9425	0.00332173
16.9625	0.01027533
16.9825	0.002236872
17.0025	0.004506754
17.0225	-0.000885908
17.0425	-0.007789849
17.0625	-0.001369309
17.0825	0.019514629
17.1025	-0.040385544
17.1225	-0.018273905
17.1425	0.000766585
17.1625	-0.013997209
17.1825	-0.009677663
17.2025	-0.005627213
17.2225	0.009183508
17.2425	0.001116275
17.2625	0.058325113
17.2825	-0.036037285
17.3025	-0.016986569
17.3225	0.007740058
17.3425	0.035838293
17.3625	-0.008510126
17.3825	-0.017693802
17.4025	-0.012939335
17.4225	0.018669904
17.4425	0.018509549
17.4625	-0.02005041
17.4825	-0.019285902
17.5025	0.005895981
17.5225	-0.022458117
17.5425	-0.021564055
17.5625	0.011587139
17.5825	0.033826128
17.6025	-0.01493521
17.6225	0.015988369
17.6425	-0.003800937
17.6625	-0.00993207
17.6825	-0.032148118
17.7025	0.015305253
17.7225	-0.001566278
17.7425	0.020053398
17.7625	0.011970963
17.7825	0.041280909
17.8025	-0.010705233
17.8225	0.016148371
17.8425	-0.013381907
17.8625	-0.000177882
17.8825	-0.006833219
17.9025	0.009532113
17.9225	0.021366732
17.9425	-0.04964769
17.9625	-0.012328505
17.9825	0.026556648
18.0025	0.05371147
18.0225	0.027906954
18.0425	0.015925467
18.0625	-0.021020959
18.0825	0.005368859
18.1025	-0.013679321
18.1225	-0.014490696
18.1425	-0.036657839
18.1625	0.003376045
18.1825	0.008164885
18.2025	0.007761538
18.2225	0.011567989
18.2425	-0.000550746
18.2625	-0.010203135
18.2825	-0.001615638
18.3025	-0.009933632
18.3225	-0.006806335
18.3425	0.018423114
18.3625	-0.001620403
18.3825	-0.025111179
18.4025	0.010472232
18.4225	-0.000477962
18.4425	-0.013997679
18.4625	0.020023067
18.4825	0.023874821
18.5025	0.0214547
18.5225	-0.000404124
18.5425	0.0307589
18.5625	-0.049237488
18.5825	0.001644518
18.6025	-0.004801686
18.6225	-0.021594462
18.6425	-0.001261578
18.6625	0.026100098
18.6825	0.027049506
18.7025	-0.054122863
18.7225	-0.003721852
18.7425	0.026973345
18.7625	-0.030410148
18.7825	0.011184017
18.8025	-0.017209777
18.8225	0.004217241
18.8425	-0.005971477
18.8625	0.023385295
18.8825	-0.003354322
18.9025	0.008540783
18.9225	-0.014826546
18.9425	-0.000675095
18.9625	0.002558131
18.9825	0.019103478
19.0025	0.023195469
19.0225	0.018363646
19.0425	-0.024374445
19.0625	-0.000644417
19.0825	-0.004709925
19.1025	0.021690752
19.1225	-0.003061794
19.1425	-0.028225092
19.1625	-0.012496369
19.1825	0.046261374
19.2025	-0.03938071
19.2225	0.031172457
19.2425	-0.036432046
19.2625	-0.004060689
19.2825	-0.00215334
19.3025	0.01801642
19.3225	0.010007052
19.3425	0.017313558
19.3625	0.009622864
19.3825	-0.00020963
19.4025	-0.004478965
19.4225	0.013475776
19.4425	-0.066252894
19.4625	0.0957034
19.4825	-0.019486837
19.5025	0.005248108
19.5225	0.012100915
19.5425	0.008357079
19.5625	-0.041904974
19.5825	-0.004308574
19.6025	0.004349699
19.6225	-0.025891659
19.6425	-0.023519463
19.6625	-0.006823263
19.6825	0.021111767
19.7025	0.022379766
19.7225	0.005938823
19.7425	-0.01989434
19.7625	-0.00684001
19.7825	-0.017870978
19.8025	0.021736829
19.8225	0.013496004
19.8425	-0.029247968
19.8625	0.009137227
19.8825	-0.007400038
19.9025	0.006174235
19.9225	-0.042195175
19.9425	-0.006286477
19.9625	0.025438427
19.9825	0.014693386
20.0025	0.051106961
20.0225	0.007991207
20.0425	0.081967561
20.0625	0.035782332
20.0825	0.07942474
20.1025	0.059782756
20.1225	0.07252226
20.1425	0.09822867
20.1625	0.190969495
20.1825	0.162354902
20.2025	0.241529373
20.2225	0.213581472
20.2425	0.172412607
20.2625	0.253207425
20.2825	0.235233223
20.3025	0.175406246
20.3225	0.17392039
20.3425	0.255634357
20.3625	0.251290988
20.3825	0.223280213
20.4025	0.039919257
20.4225	0.21355098
20.4425	0.447598063
20.4625	0.216988433
20.4825	0.151574225
20.5025	0.49114575
